8
2
0 0 -0.4
0 0 -0.35
0 0 -0.25
0 0 -0.2
0 0 -0.2
0 0 -0.15
0 0 -0.05
0 0 0

0.000000
2
0.000000 0.000000 0.270880
0.032094 -0.018764 0.323400
0.026868 0.072259 0.450342
0.046583 0.099341 0.502152
0.046583 0.099341 0.502152
0.066298 0.126422 0.553961
0.090319 0.225935 0.622372
0.094615 0.242952 0.665392

0.000000
2
0.000000 0.000000 0.389662
-0.052233 0.027420 0.417618
-0.036633 -0.018282 0.503472
-0.089677 -0.014855 0.561198
-0.089677 -0.014855 0.561198
-0.142721 -0.011429 0.618924
-0.207001 -0.002859 0.687663
-0.254785 0.015849 0.722263

0.000000
2
0.000000 0.000000 0.216742
-0.025141 -0.031340 0.255820
-0.023924 -0.033627 0.353640
-0.056349 -0.061558 0.400522
-0.056349 -0.061558 0.400522
-0.088773 -0.089489 0.447404
-0.152488 -0.144569 0.523239
-0.194154 -0.171765 0.563935

0.000000
2
0.000000 0.000000 0.229329
0.013678 0.024224 0.288847
0.028242 0.078889 0.364918
0.049343 0.109841 0.397336
0.049343 0.109841 0.397336
0.070444 0.140793 0.429753
0.110311 0.231527 0.467442
0.127693 0.265599 0.486444

0.000000
2
0.000000 0.000000 0.151216
-0.025510 -0.039492 0.210568
-0.023291 -0.065117 0.290964
-0.054060 -0.123251 0.328919
-0.054060 -0.123251 0.328919
-0.084829 -0.181384 0.366874
-0.138781 -0.233724 0.378104
-0.178721 -0.278011 0.358885

0.000000
2
0.000000 0.000000 0.400000
-0.030903 -0.069226 0.453118
-0.017453 0.031708 0.466933
-0.019828 0.036338 0.524538
-0.019828 0.036338 0.524538
-0.022203 0.040968 0.582142
-0.018009 0.069454 0.585339
-0.006361 0.082632 0.654888
0.375050
2
0.000000 0.000000 0.154708
0.019692 0.037432 0.202061
0.048044 0.065469 0.292445
0.094877 0.127119 0.303175
0.094877 0.127119 0.303175
0.141710 0.188768 0.313905
0.159950 0.223076 0.261990
0.171771 0.252482 0.233532
0.278686
2
0.000000 0.000000 0.112890
-0.012581 -0.043280 0.144018
-0.016512 -0.070765 0.235013
-0.035891 -0.128621 0.242932
-0.035891 -0.128621 0.242932
-0.055269 -0.186478 0.250851
-0.066007 -0.223136 0.222350
-0.082703 -0.230831 0.177519